image: map6.pgm
resolution: 0.020000
origin: [-3.500000, -0.5000000, 3.14159]
negate: 0
occupied_thresh: 0.65
free_thresh: 0.196

