image: map8.pgm
resolution: 0.0050000
origin: [-3.500000, -0.5000000, 0.000000]
negate: 0
occupied_thresh: 0.65
free_thresh: 0.196

