image: map4.pgm
resolution: 0.0050000
origin: [-5.255151, -5.155655, 0.000000]
negate: 0
occupied_thresh: 0.65
free_thresh: 0.196

